  1223      2665639.467      212138.375       58.845      .001      .001      .003      .999917700      -0:9:7.345      
  3094      2669462.629      214728.964      100.508      .001      .001      .003      .999915361      -0:8:30.71      
  3095      2667858.378      214894.197       85.135      .001      .001      .004      .999915217      -0:8:27.98      
  3097      2664672.999      213360.852       52.470      .001      .001      .003      .999916575      -0:8:49.45      
  8098      2669639.570      210070.957       80.681      .002      .002      .006      .999919686      -0:9:38.20      
  8099      2668561.888      211802.748       81.773      .002      .003      .005      .999918015      -0:9:12.87      
  A029      2666190.094      214846.686       68.309      .001      .001      .003      .999915258      -0:8:28.31      
AG2060      2672568.335      214224.606      126.020      .002      .002      .005      .999915803      -0:8:38.70      
  B008      2672262.149      217311.219      148.279      .002      .002      .006      .999913194      -0:7:53.88      
  B027      2668847.386      211458.683       83.275      .002      .002      .004      .999918341      -0:9:17.92      
  B028      2669243.041      210749.902       86.549      .001      .001      .004      .999919022      -0:9:28.28      
  B033      2667070.692      206366.288       64.103      .003      .003      .011      .999923508      -0:10:31.1      
  B042      2664526.541      208376.435       59.956      .001      .001      .003      .999921392      -0:10:1.44      
GA9006      2670910.245      214039.565      111.090      .002      .002      .005      .999915967      -0:8:41.01      
GA9015      2670784.889      211424.694       97.331      .002      .002      .005      .999918373      -0:9:18.87      
GA9029      2669318.834      211692.744       87.212      .001      .001      .004      .999918119      -0:9:14.64      
GA9056      2670455.514      211536.471       95.442      .002      .002      .005      .999918267      -0:9:17.17      
GBA020      2667532.480      210449.441       67.903      .002      .003      .008      .999919314      -0:9:32.21      
GBC012      2669924.617      212007.422       99.633      .001      .001      .003      .999917823      -0:9:10.23      
 GBN91      2664668.883      212576.817       50.851      .001      .001      .003      .999917292       -0:9:.785      
  GC15      2672123.890      215742.514      132.279      .002      .002      .005      .999914490      -0:8:16.60      
  GC16      2671910.325      215721.018      129.944      .002      .002      .006      .999914509      -0:8:16.86      
 GD063      2667192.559      215158.972       78.657      .001      .001      .002      .999914988      -0:8:24.00      
 GE261      2669453.264      211686.440       88.385      .002      .002      .005      .999918125      -0:9:14.77      
 GE263      2669100.676      212768.781       95.393      .001      .001      .002      .999917115      -0:8:59.01      
 GE264      2669505.110      212473.360       93.121      .002      .001      .004      .999917388      -0:9:3.389      
 GE265      2669516.822      212875.186       95.454      .001      .001      .002      .999917018      -0:8:57.57      
 GE266      2669088.348      212233.828       88.296      .002      .002      .006      .999917611      -0:9:6.761      
 GE267      2667975.309      211839.466       77.705      .001      .001      .003      .999917980      -0:9:12.21      
 GE270      2668267.682      211851.993       79.772      .001      .001      .003      .999917969      -0:9:12.09      
 GE271      2669518.825      212231.889       91.410      .004      .004      .010      .999917613      -0:9:6.888      
 GE281      2664857.793      214483.181       58.603      .002      .001      .004      .999915576      -0:8:33.27      
 GE282      2665278.429      214500.163       59.360      .001      .001      .004      .999915561      -0:8:33.12      
 GE284      2667834.329      215435.574       88.427      .001      .001      .003      .999914751      -0:8:20.14      
  GE35      2667445.886      208812.507       57.899      .001      .001      .004      .999920946      -0:9:55.87      
  GE40      2666566.731      208807.671       52.302      .001      .001      .004      .999920951      -0:9:55.72      
  GE80      2669285.229      208988.207       71.455      .002      .002      .006      .999920768      -0:9:53.79      
  GE81      2669014.165      209012.561       71.098      .001      .002      .004      .999920743      -0:9:53.37      
  GE83      2669281.868      208308.179       67.308      .002      .002      .004      .999921462      -0:10:3.64      
  GE85      2668165.543      208699.624       62.781      .002      .002      .007      .999921061      -0:9:57.69      
  GE87      2667904.665      208726.260       60.380      .002      .002      .005      .999921034      -0:9:57.24      
 GF042      2671047.433      213120.972      108.730      .002      .002      .004      .999916793      -0:8:54.35      
 GF044      2671311.647      213669.579      114.273      .001      .001      .004      .999916297      -0:8:46.46      
 GF045      2671306.780      213985.784      114.738      .001      .001      .004      .999916015      -0:8:41.88      
 GF046      2670834.487      214797.587      114.809      .004      .003      .008      .999915301      -0:8:30.02      
 GF047      2670760.622      215070.124      114.695      .004      .004      .009      .999915065      -0:8:26.05      
 GF054      2670638.799      212479.840      102.532      .002      .002      .004      .999917382      -0:9:3.555      
 GF055      2670588.973      212133.356       99.352      .001      .001      .003      .999917705      -0:9:8.563      
 GF081      2667266.520      209050.949       57.626      .001      .001      .004      .999920704      -0:9:52.38      
 GG022      2667466.302      215213.690       82.965      .001      .001      .003      .999914941      -0:8:23.27      
 GG435      2670989.377      211336.346       98.249      .001      .001      .003      .999918458      -0:9:20.20      
 GI021      2671725.502      214814.590      122.741      .002      .002      .005      .999915286      -0:8:29.96      
 GI022      2670953.279      212928.236      106.860      .001      .001      .003      .999916969      -0:8:57.13      
 GI023      2670060.797      210248.045       84.697      .002      .002      .006      .999919511      -0:9:35.74      
 GI024      2670052.903      211164.735       89.705      .002      .002      .007      .999918622      -0:9:22.46      
 GI025      2669650.477      210494.276       81.808      .001      .001      .004      .999919270      -0:9:32.08      
 GI026      2669464.956      210333.156       79.787      .002      .002      .006      .999919428      -0:9:34.36      
 GI027      2669057.090      210083.316       76.421      .002      .002      .005      .999919673      -0:9:37.88      
 GI028      2668495.978      210057.578       70.760      .001      .002      .005      .999919699      -0:9:38.12      
 GI029      2667942.413      210051.099       67.940      .002      .002      .005      .999919705      -0:9:38.08      
 GI030      2667405.340      210045.254       64.692      .001      .002      .004      .999919711      -0:9:38.03      
 GI031      2667440.203      209720.387       61.998      .001      .002      .004      .999920033      -0:9:42.74      
 GI032      2666811.666      208506.489       52.596      .003      .003      .008      .999921259      -0:10:.145      
 GI033      2666976.290      210035.577       60.598      .002      .002      .004      .999919721      -0:9:38.06      
 GI034      2666964.109      210379.715       62.699      .002      .002      .006      .999919382      -0:9:33.08      
 GI035      2666981.595      210724.633       65.076      .001      .002      .004      .999919046      -0:9:28.10      
 GI036      2666415.070      210526.618       58.958      .002      .002      .004      .999919239      -0:9:30.83      
 GI037      2666421.638      210907.946       61.747      .001      .001      .003      .999918869      -0:9:25.31      
 GI038      2669802.120      211378.924       88.831      .004      .004      .008      .999918417      -0:9:19.30      
 GI039      2668977.007      211172.252       81.932      .002      .002      .005      .999918615      -0:9:22.10      
 GI040      2668489.914      211290.753       80.396      .002      .002      .005      .999918501      -0:9:20.27      
 GI041      2668183.767      211289.805       77.675      .001      .001      .003      .999918502      -0:9:20.21      
 GI042      2668180.577      211757.971       78.193      .001      .001      .003      .999918057      -0:9:13.43      
 GI043      2667722.636      211598.943       74.383      .001      .001      .003      .999918208      -0:9:15.63      
 GI044      2667282.939      211142.367       68.568      .001      .002      .004      .999918643      -0:9:22.13      
 GI045      2666968.785      211127.946       65.528      .001      .001      .003      .999918657      -0:9:22.26      
 GI046      2666981.516      211605.785       68.044      .002      .001      .004      .999918201      -0:9:15.35      
 GI047      2665851.220      211148.245       57.231      .001      .001      .003      .999918638      -0:9:21.70      
 GI048      2665536.246      211307.987       54.383      .001      .001      .003      .999918485      -0:9:19.32      
 GI049      2668569.815      210719.701       76.172      .003      .003      .007      .999919051      -0:9:28.55      
 GI050      2666092.577      211708.564       60.672      .001      .001      .003      .999918104      -0:9:13.66      
 GI051      2665452.413      211918.795       56.309      .001      .001      .003      .999917906      -0:9:10.47      
 GI052      2665752.091      212472.685       58.799      .001      .001      .003      .999917389      -0:9:2.538      
 GI053      2665450.237      212614.750       56.631      .001      .001      .004      .999917257       -0:9:.415      
 GI054      2665464.033      212972.928       58.291      .001      .002      .004      .999916928      -0:8:55.24      
 GI055      2670273.734      212105.802       96.386      .002      .002      .004      .999917730      -0:9:8.889      
 GI056      2670314.810      212663.378      102.322      .002      .002      .005      .999917212       -0:9:.822      
 GI057      2670039.725      212752.975      104.667      .013      .029      .060      .999917130      -0:8:59.46      
 GI058      2669737.497      212819.581       96.896      .001      .001      .003      .999917069      -0:8:58.42      
 GI059      2670261.959      213379.303      102.083      .001      .001      .004      .999916559      -0:8:50.44      
 GI060      2669951.658      213252.774       99.497      .001      .001      .003      .999916673      -0:8:52.20      
 GI061      2670498.801      213999.171      106.805      .002      .002      .004      .999916003      -0:8:41.51      
 GI062      2670097.273      213982.881      103.567      .003      .003      .007      .999916017      -0:8:41.66      
 GI063      2669530.909      213953.931       97.954      .001      .001      .004      .999916043      -0:8:41.95      
 GI064      2669199.270      213966.304       95.487      .001      .001      .003      .999916032      -0:8:41.70      
 GI065      2669510.413      214333.752      100.011      .002      .001      .004      .999915707      -0:8:36.45      
 GI066      2668699.001      213358.199       88.399      .001      .001      .003      .999916578      -0:8:50.39      
 GI067      2668698.753      213622.141       89.564      .001      .001      .002      .999916340      -0:8:46.57      
 GI068      2668728.444      212064.058       83.808      .001      .001      .003      .999917769      -0:9:9.135      
 GI069      2668152.173      212406.061       78.996      .000      .000      .000      .999917451      -0:9:4.052      
 GI070      2668110.639      213074.022       81.059      .001      .001      .003      .999916836      -0:8:54.37      
 GI071      2667839.251      212792.542       75.840      .001      .001      .002      .999917094      -0:8:58.38      
 GI072      2666403.842      209772.301       55.237      .002      .002      .004      .999919981      -0:9:41.73      
 GI073      2667141.942      213028.333       73.527      .001      .001      .002      .999916878      -0:8:54.81      
 GI074      2667016.749      212668.700       71.190      .001      .001      .004      .999917208      -0:8:59.99      
 GI075      2666022.873      212661.125       62.735      .001      .001      .003      .999917215      -0:8:59.87      
 GI076      2666189.203      212950.068       63.867      .001      .001      .003      .999916949      -0:8:55.73      
 GI077      2666418.054      213439.824       66.352      .002      .002      .006      .999916504      -0:8:48.70      
 GI078      2666242.199      213540.107       64.668      .001      .001      .003      .999916414      -0:8:47.21      
 GI079      2665734.111      213777.240       61.954      .002      .002      .006      .999916201      -0:8:43.67      
 GI080      2665030.076      213376.210       56.408      .001      .002      .004      .999916562      -0:8:49.31      
 GI081      2670379.037      214583.050      109.372      .004      .003      .007      .999915488      -0:8:33.03      
 GI082      2670081.838      214745.481      106.993      .002      .001      .004      .999915346      -0:8:30.61      
 GI083      2670339.125      215238.329      112.094      .002      .002      .005      .999914920      -0:8:23.53      
 GI084      2670302.660      215417.079      111.174      .002      .002      .005      .999914767      -0:8:20.93      
 GI085      2669455.769      214737.894      100.440      .001      .001      .003      .999915353      -0:8:30.58      
 GI086      2669050.417      214594.420       96.693      .002      .002      .006      .999915478      -0:8:32.57      
 GI087      2668786.383      214510.054       92.473      .001      .001      .005      .999915552      -0:8:33.74      
 GI088      2668487.927      214388.323       95.116      .001      .001      .003      .999915659      -0:8:35.43      
 GI089      2667864.469      213796.315       82.382      .001      .001      .003      .999916184      -0:8:43.87      
 GI090      2667663.026      214093.625       79.921      .001      .001      .003      .999915919      -0:8:39.52      
 GI091      2666970.306      214071.565       72.929      .001      .001      .002      .999915939      -0:8:39.69      
 GI092      2667248.866      214699.854       78.379      .001      .002      .004      .999915386      -0:8:30.66      
 GI093      2666960.703      214721.359       74.896      .001      .001      .003      .999915367      -0:8:30.29      
 GI094      2668266.604      214914.380       88.002      .002      .002      .006      .999915200      -0:8:27.77      
 GI095      2667857.610      214925.948       85.342      .001      .001      .003      .999915190      -0:8:27.52      
 GI096      2667541.314      214901.478       81.461      .001      .001      .002      .999915211      -0:8:27.80      
 GI097      2669556.337      215484.611      104.180      .001      .001      .004      .999914709      -0:8:19.79      
 GI098      2669240.170      215447.632      100.447      .001      .001      .004      .999914741      -0:8:20.26      
 GI099      2668369.407      215602.487       92.797      .001      .002      .004      .999914609      -0:8:17.84      
 GI100      2668192.596      210698.496       73.617      .002      .002      .006      .999919072      -0:9:28.77      
 GI101      2667697.891      211912.545       75.569      .002      .002      .006      .999917912      -0:9:11.08      
 GI102      2666393.441      209508.679       53.262      .001      .002      .004      .999920244      -0:9:45.54      
 GI103      2668160.967      210053.994       69.568      .001      .002      .004      .999919702      -0:9:38.09      
 GI105      2669856.007      210583.242       85.427      .002      .001      .004      .999919184      -0:9:30.84      
 GI107      2666074.439      214558.502       66.638      .002      .002      .004      .999915510      -0:8:32.45      
 GI108      2672219.039      215159.189      128.085      .001      .001      .004      .999914988      -0:8:25.07      
 GI109      2671764.552      215115.538      124.333      .002      .002      .007      .999915026      -0:8:25.61      
 GI110      2669682.672      214876.292      102.799      .002      .001      .004      .999915233      -0:8:28.63      
 GI111      2665810.790      213976.863       63.790      .001      .001      .003      .999916023      -0:8:40.80      
 GI112      2664641.615      212271.819       49.843      .001      .001      .003      .999917575      -0:9:5.186      
 GI113      2666435.536      212009.123       62.623      .001      .001      .004      .999917821      -0:9:9.398      
 GI114      2667549.928      212557.200       73.060      .001      .001      .004      .999917311      -0:9:1.727      
 GI115      2667506.399      213661.118       78.382      .001      .001      .002      .999916305      -0:8:45.74      
 GI116      2667300.400      214041.658       75.635      .001      .001      .003      .999915965      -0:8:40.19      
  GP08      2672128.483      215132.902      126.952      .002      .002      .005      .999915011      -0:8:25.43      
  GZ21      2668714.383      208504.383       65.258      .003      .003      .009      .999921261      -0:10:.657      
  GZ22      2668726.948      208836.934       67.302      .001      .002      .004      .999920921      -0:9:55.84      
  L154      2666427.720      216426.213       77.489      .002      .003      .006      .999913918      -0:8:5.521      
  M808      2663705.867      214015.929       72.870      .001      .001      .004      .999915988      -0:8:39.77      
 TC029      2668922.065      213627.653       90.871      .001      .001      .003      .999916335      -0:8:46.54      
  X107      2667817.831      212765.421       75.671      .001      .001      .002      .999917119      -0:8:58.77      
