       212        12       119        44        11        21
          
     -8.43     52.61      4.11     52.24     35.11     41.73     66.04     42.94
     -3.51     52.41      5.21     48.21      37.4     41.75     68.44     43.14
     -0.24     52.42      6.98     48.38     39.83     41.08     70.87      43.6
     -0.23     52.58      8.06     46.41     42.95     42.18     71.89     45.58
         0     52.58     13.19     46.32     46.25     42.78     78.78     51.93
      0.44     52.58     14.19     43.56     48.68     42.83     80.66     51.99
      0.45     52.33     16.55     42.93     53.46     42.97     80.67     52.34
      1.82     52.32     21.22     42.74     55.81     42.52     81.09     52.22
      3.89     52.39     24.65     42.84     58.18     42.22     82.16     52.32
       3.9     52.54     29.45     42.88     59.38     42.77     82.17     52.22
       4.1     52.54     32.68     42.49     64.03     42.81     87.84     52.32
