114030    119     -9999
L        ¥Û¼Î      331129.126      2777810.211      200307      52.781        200307
R        ¥Û¼Î      331147.194      2777889.262      200307      52.429        200307
200912     48
-8.43        52.61   -9999
-3.51        52.41   -9999
-0.24        52.42   -9999
-0.23        52.58   -9999
0.00        52.58   -9999
0.00        52.78   L
0.00        52.58   -9999
0.44        52.58   -9999
0.45        52.33   -9999
1.82        52.32   -9999
3.89        52.39   -9999
3.90        52.54   -9999
4.10        52.54   -9999
4.11        52.24   -9999
5.21        48.21   -9999
6.98        48.38   -9999
8.06        46.41   -9999
13.19       46.32   -9999
14.19       43.56   -9999
16.55       42.93   -9999
21.22       42.74   -9999
24.65       42.84   -9999
29.45       42.88   -9999
32.68       42.49   -9999
35.11       41.73   -9999
37.40       41.75   -9999
39.83       41.08   -9999
42.95       42.18   -9999
46.25       42.78   -9999
48.68       42.83   -9999
53.46       42.97   -9999
55.81       42.52   -9999
58.18       42.22   -9999
59.38       42.77   -9999
64.03       42.81   -9999
66.04       42.94   -9999
68.44       43.14   -9999
70.87       43.60   -9999
71.89       45.58   -9999
78.78       51.93   -9999
80.66       51.99   -9999
80.67       52.32   -9999
81.09       52.32   -9999
81.09       52.43   R
81.09       52.32   -9999
82.16       52.32   -9999
82.17       52.22   -9999
87.84       52.32   -9999
@END
