     2009        2      119       48       12       12

    -8.43    52.61     4.10    52.54    35.11    41.73    68.44    43.14
    -3.51    52.41     4.11    52.24    37.40    41.75    70.87    43.60
    -0.24    52.42     5.21    48.21    39.83    41.08    71.89    45.58
    -0.23    52.58     6.98    48.38    42.95    42.18    78.78    51.93
     0.00    52.58     8.06    46.41    46.25    42.78    80.66    51.99
     0.00    52.78    13.19    46.32    48.68    42.83    80.67    52.32
     0.00    52.58    14.19    43.56    53.46    42.97    81.09    52.32
     0.44    52.58    16.55    42.93    55.81    42.52    81.09    52.43
     0.45    52.33    21.22    42.74    58.18    42.22    81.09    52.32
     1.82    52.32    24.65    42.84    59.38    42.77    82.16    52.32
     3.89    52.39    29.45    42.88    64.03    42.81    82.17    52.22
     3.90    52.54    32.68    42.49    66.04    42.94    87.84    52.32
