    B6      2553449.149      169667.904       82.428      .003      .003      .005      .999979695      -0:18:26.6      
FC17-A      2554752.843      170128.487      106.584      .005      .005      .010      .999978784      -0:18:20.9      
    G2      2554439.463      169943.411      104.312      .005      .006      .012      .999979149      -0:18:23.3      
    G9      2553920.940      169760.608       92.223      .007      .008      .016      .999979511      -0:18:25.5      
    H1      2554632.610      169980.261      107.750      .007      .009      .018      .999979077      -0:18:22.9      
  H1-2      2554491.176      169971.980      105.682      .002      .003      .005      .999979093      -0:18:22.9      
  KA09      2552042.135      168759.319       10.000      .000      .000      .000      .999981508      -0:18:38.4      
  KA10      2551927.718      168747.487        3.998      .003      .004      .009      .999981532      -0:18:38.5      
    M3      2554184.663      169881.905      103.099      .003      .003      .006      .999979271      -0:18:24.0      
  PT08      2553655.536      169598.756       89.770      .003      .004      .008      .999979833      -0:18:27.6      
   PT1      2554103.860      169840.016      101.737      .003      .003      .005      .999979354      -0:18:24.5      
  PT13      2552481.255      169392.536       42.333      .002      .002      .005      .999980243      -0:18:29.9      
  PT1A      2554056.228      169773.613      101.754      .002      .003      .005      .999979486      -0:18:25.4      
   PT2      2554084.708      169812.071      101.953      .004      .004      .007      .999979409      -0:18:24.9      
   PT4      2552354.122      169352.852       34.820      .002      .003      .005      .999980322      -0:18:30.4      
   PT5      2552962.477      169480.463       56.055      .002      .003      .005      .999980068      -0:18:28.9      
   PT6      2552725.233      169446.984       47.788      .003      .003      .005      .999980134      -0:18:29.3      
   PT7      2553540.854      169637.372       85.051      .003      .004      .008      .999979756      -0:18:27.1      
   PT9      2553786.255      169741.546       90.046      .004      .004      .008      .999979549      -0:18:25.7      
    S5      2554310.621      169914.264      100.762      .003      .004      .008      .999979207      -0:18:23.6      
