    B6      -2954478.961      5073061.186      2484989.004      .005      .004      .003      
FC17-A      -2954624.341      5072409.497      2486200.054      .008      .007      .005      
    G2      -2954526.864      5072606.543      2485909.974      .010      .008      .007      
    G9      -2954468.229      5072863.578      2485427.330      .013      .011      .007      
    H1      -2954521.242      5072525.724      2486089.180      .015      .011      .010      
  H1-2      -2954541.709      5072575.815      2485958.223      .004      .003      .003      
  KA09      -2953945.259      5073935.195      2483661.646      .000      .000      .000      
  KA10      -2953955.360      5073974.828      2483553.966      .007      .006      .005      
    M3      -2954524.688      5072722.305      2485674.799      .005      .004      .003      
  PT08      -2954381.000      5073032.584      2485181.410      .007      .005      .004      
   PT1      -2954504.224      5072769.544      2485599.726      .005      .004      .003      
  PT13      -2954418.141      5073493.612      2484081.468      .004      .003      .003      
  PT1A      -2954456.541      5072819.110      2485555.587      .004      .003      .003      
   PT2      -2954484.074      5072790.269      2485582.054      .006      .006      .003      
   PT4      -2954406.074      5073550.391      2483961.362      .004      .003      .003      
   PT5      -2954403.236      5073298.433      2484530.010      .004      .004      .003      
   PT6      -2954418.410      5073388.482      2484308.339      .004      .004      .003      
   PT7      -2954435.304      5073047.872      2485074.247      .006      .005      .004      
   PT9      -2954477.970      5072916.746      2485302.479      .006      .006      .004      
    S5      -2954526.091      5072661.759      2485789.914      .007      .005      .005      
