  1223      -2967934.392      5012991.763      2587957.447      .002      .002      .002      
  3094      -2969376.976      5010362.789      2591470.424      .002      .002      .002      
  3095      -2969849.616      5010828.386      2590000.218      .002      .003      .002      
  3097      -2969185.932      5012700.860      2587075.394      .002      .002      .001      
  8098      -2965324.586      5012662.976      2591612.591      .003      .005      .003      
  8099      -2967041.527      5012157.754      2590633.742      .004      .004      .003      
  A029      -2970151.932      5011423.601      2588470.324      .002      .002      .001      
AG2060      -2968300.821      5009551.393      2594314.011      .003      .004      .002      
  B008      -2971029.493      5008099.361      2594050.495      .004      .005      .003      
  B027      -2966686.206      5012234.507      2590894.099      .002      .004      .002      
  B028      -2965994.804      5012460.136      2591254.798      .002      .003      .002      
  B033      -2962670.473      5015439.071      2589251.106      .005      .010      .004      
  B042      -2964933.045      5015301.407      2586932.256      .002      .003      .002      
GA9006      -2968484.198      5010215.727      2592794.363      .002      .005      .003      
GA9015      -2966255.466      5011583.799      2592668.087      .003      .004      .002      
GA9029      -2966790.082      5011952.943      2591326.589      .002      .003      .002      
GA9056      -2966420.111      5011640.748      2592366.992      .003      .004      .003      
GBA020      -2966087.766      5013198.047      2589685.068      .005      .007      .004      
GBC012      -2966938.924      5011589.773      2591885.332      .001      .002      .002      
 GBN91      -2968511.806      5013101.306      2587069.118      .002      .003      .002      
  GC15      -2969702.551      5008936.887      2593914.414      .003      .004      .002      
  GC16      -2969727.996      5009020.950      2593718.522      .003      .004      .003      
 GD063      -2970214.368      5010921.236      2589390.383      .001      .002      .001      
 GE261      -2966756.898      5011909.971      2591449.749      .003      .004      .003      
 GE263      -2967765.231      5011486.555      2591133.419      .001      .002      .001      
 GE264      -2967424.956      5011493.853      2591500.917      .003      .003      .002      
 GE265      -2967769.139      5011286.446      2591513.521      .001      .002      .001      
 GE266      -2967304.468      5011758.385      2591117.981      .004      .005      .003      
 GE267      -2967194.682      5012341.301      2590096.751      .002      .003      .002      
 GE270      -2967144.879      5012234.116      2590364.501      .002      .003      .002      
 GE271      -2967213.605      5011610.965      2591512.152      .004      .008      .006      
 GE281      -2970115.020      5012067.901      2587249.205      .002      .003      .002      
 GE282      -2970041.536      5011912.637      2587633.587      .002      .003      .002      
 GE284      -2970321.688      5010562.854      2589980.818      .001      .002      .001      
  GE35      -2964693.246      5014055.553      2589597.706      .002      .003      .002      
  GE40      -2964871.453      5014361.458      2588792.865      .002      .003      .002      
  GE80      -2964463.522      5013332.234      2591282.604      .003      .005      .003      
  GE81      -2964541.380      5013414.517      2591035.116      .002      .004      .002      
  GE83      -2963877.295      5013676.971      2591276.039      .002      .004      .002      
  GE85      -2964446.952      5013864.901      2590256.308      .003      .006      .003      
  GE87      -2964523.657      5013940.810      2590017.270      .003      .004      .002      
 GF042      -2967664.277      5010634.819      2592916.452      .002      .004      .002      
 GF044      -2968082.951      5010266.403      2593161.129      .002      .003      .002      
 GF045      -2968356.099      5010107.006      2593157.611      .002      .003      .002      
 GF046      -2969153.683      5009858.071      2592728.475      .005      .006      .004      
 GF047      -2969403.526      5009744.673      2592661.630      .005      .008      .005      
 GF054      -2967196.126      5011100.541      2592539.462      .002      .004      .003      
 GF055      -2966907.164      5011292.379      2592491.851      .002      .003      .002      
 GF081      -2964935.981      5013996.537      2589434.489      .002      .003      .002      
 GG022      -2970205.819      5010800.806      2589642.150      .002      .002      .001      
 GG435      -2966136.824      5011557.908      2592854.863      .002      .003      .002      
 GI021      -2968984.246      5009543.150      2593544.893      .003      .004      .002      
 GI022      -2967517.500      5010764.766      2592829.305      .002      .003      .002      
 GI023      -2965390.065      5012428.140      2591999.129      .003      .005      .003      
 GI024      -2966182.525      5011967.090      2591996.280      .003      .006      .003      
 GI025      -2965686.933      5012444.058      2591624.083      .003      .003      .002      
 GI026      -2965586.474      5012589.697      2591453.524      .003      .005      .003      
 GI027      -2965455.888      5012857.450      2591079.246      .003      .004      .002      
 GI028      -2965549.246      5013062.730      2590564.713      .003      .004      .002      
 GI029      -2965658.878      5013257.735      2590058.261      .002      .004      .002      
 GI030      -2965765.363      5013446.266      2589566.670      .002      .003      .002      
 GI031      -2965477.330      5013597.673      2589596.560      .002      .003      .002      
 GI032      -2964560.965      5014429.539      2589015.783      .003      .008      .003      
 GI033      -2965845.411      5013598.229      2589173.317      .002      .003      .002      
 GI034      -2966144.964      5013428.567      2589163.932      .004      .005      .003      
 GI035      -2966439.065      5013248.322      2589181.736      .003      .004      .002      
 GI036      -2966385.083      5013542.900      2588661.570      .003      .003      .002      
 GI037      -2966712.986      5013348.216      2588669.664      .002      .002      .002      
 GI038      -2966419.156      5011945.000      2591767.571      .005      .007      .005      
 GI039      -2966411.937      5012334.210      2591011.150      .003      .004      .003      
 GI040      -2966615.688      5012443.191      2590566.223      .003      .004      .002      
 GI041      -2966678.049      5012548.786      2590285.664      .002      .003      .001      
 GI042      -2967081.615      5012311.377      2590284.118      .002      .003      .001      
 GI043      -2967039.451      5012549.951      2589864.162      .002      .002      .001      
 GI044      -2966736.582      5012932.380      2589459.289      .003      .004      .002      
 GI045      -2966788.864      5013047.358      2589171.236      .002      .002      .001      
 GI046      -2967198.333      5012801.016      2589185.067      .002      .003      .003      
 GI047      -2967037.543      5013421.716      2588147.676      .002      .002      .002      
 GI048      -2967239.848      5013448.196      2587859.356      .002      .002      .002      
 GI049      -2966105.742      5012703.286      2590636.001      .004      .006      .004      
 GI050      -2967470.296      5013053.983      2588370.805      .002      .002      .001      
 GI051      -2967783.703      5013167.311      2587785.107      .002      .003      .002      
 GI052      -2968198.196      5012781.659      2588061.054      .002      .002      .001      
 GI053      -2968382.839      5012813.077      2587784.932      .002      .003      .002      
 GI054      -2968688.734      5012626.698      2587799.058      .002      .003      .002      
 GI055      -2966948.492      5011414.630      2592202.870      .002      .004      .002      
 GI056      -2967422.119      5011120.266      2592244.130      .003      .004      .002      
 GI057      -2967558.202      5011172.797      2591994.244      .023      .060      .022      
 GI058      -2967675.520      5011238.626      2591715.387      .002      .003      .002      
 GI059      -2968048.808      5010773.093      2592197.494      .002      .003      .002      
 GI060      -2968004.155      5010944.438      2591912.938      .002      .003      .002      
 GI061      -2968534.148      5010377.247      2592417.022      .003      .003      .002      
 GI062      -2968603.212      5010523.784      2592049.203      .005      .005      .004      
 GI063      -2968694.984      5010732.671      2591529.929      .002      .003      .002      
 GI064      -2968774.309      5010840.637      2591226.257      .002      .002      .001      
 GI065      -2969026.857      5010547.500      2591512.936      .002      .003      .002      
 GI066      -2968353.419      5011320.876      2590765.329      .001      .002      .001      
 GI067      -2968580.984      5011187.108      2590766.196      .001      .002      .001      
 GI068      -2967232.147      5011967.623      2590787.236      .001      .002      .002      
 GI069      -2967645.342      5011991.154      2590260.093      .000      .000      .000      
 GI070      -2968229.476      5011666.322      2590224.619      .002      .003      .002      
 GI071      -2968042.104      5011900.989      2589974.095      .001      .002      .001      
 GI072      -2965736.879      5013928.750      2588647.877      .002      .003      .002      
 GI073      -2968390.534      5012023.000      2589337.185      .001      .002      .001      
 GI074      -2968106.514      5012248.602      2589221.091      .002      .003      .002      
 GI075      -2968305.135      5012593.777      2588310.318      .002      .003      .002      
 GI076      -2968519.161      5012388.935      2588463.314      .002      .003      .002      
 GI077      -2968893.344      5012060.721      2588674.402      .004      .005      .003      
 GI078      -2969015.786      5012069.755      2588513.410      .002      .003      .002      
 GI079      -2969325.297      5012124.383      2588049.006      .003      .005      .002      
 GI080      -2969125.903      5012571.175      2587403.048      .003      .004      .002      
 GI081      -2969062.632      5010123.059      2592310.106      .004      .006      .005      
 GI082      -2969263.789      5010142.414      2592038.259      .002      .003      .003      
 GI083      -2969635.731      5009804.485      2592276.266      .004      .004      .003      
 GI084      -2969796.673      5009725.234      2592243.007      .003      .004      .003      
 GI085      -2969386.067      5010360.578      2591464.155      .002      .003      .002      
 GI086      -2969346.309      5010572.965      2591092.325      .003      .005      .003      
 GI087      -2969327.392      5010705.255      2590849.414      .003      .004      .002      
 GI088      -2969286.780      5010874.066      2590577.797      .002      .002      .001      
 GI089      -2968903.024      5011384.789      2590002.146      .002      .002      .001      
 GI090      -2969199.927      5011301.587      2589817.947      .002      .002      .001      
 GI091      -2969323.464      5011549.947      2589182.695      .001      .002      .001      
 GI092      -2969807.631      5011135.809      2589440.639      .002      .003      .002      
 GI093      -2969885.131      5011222.995      2589176.214      .002      .002      .001      
 GI094      -2969782.383      5010677.333      2590374.062      .004      .005      .002      
 GI095      -2969877.174      5010812.600      2589999.673      .002      .003      .001      
 GI096      -2969920.891      5010932.830      2589709.311      .001      .002      .001      
 GI097      -2970008.665      5009946.843      2591559.143      .002      .003      .002      
 GI098      -2970041.710      5010073.604      2591268.965      .003      .004      .002      
 GI099      -2970354.610      5010293.584      2590471.389      .003      .003      .002      
 GI100      -2966165.717      5012844.247      2590290.588      .004      .005      .003      
 GI101      -2967314.923      5012399.491      2589842.827      .003      .005      .003      
 GI102      -2965511.382      5014065.320      2588636.894      .002      .003      .002      
 GI103      -2965616.125      5013180.982      2590258.428      .002      .004      .002      
 GI105      -2965721.854      5012329.471      2591813.371      .002      .003      .002      
 GI107      -2969927.689      5011609.963      2588363.407      .002      .003      .002      
 GI108      -2969179.007      5009198.209      2593998.232      .002      .003      .002      
 GI109      -2969235.520      5009376.983      2593581.857      .004      .005      .003      
 GI110      -2969458.381      5010212.219      2591672.527      .002      .003      .002      
 GI111      -2969481.680      5011997.050      2588120.221      .002      .003      .002      
 GI112      -2968254.772      5013265.745      2587043.078      .002      .002      .002      
 GI113      -2967657.559      5012782.054      2588685.426      .002      .003      .002      
 GI114      -2967899.307      5012120.280      2589708.298      .002      .003      .002      
 GI115      -2968860.259      5011576.093      2589673.345      .001      .002      .001      
 GI116      -2969229.554      5011451.755      2589485.060      .002      .002      .002      
  GP08      -2969174.965      5009242.514      2593915.074      .003      .004      .002      
  GZ21      -2964164.612      5013774.146      2590757.764      .005      .008      .004      
  GZ22      -2964449.001      5013601.747      2590770.949      .002      .004      .002      
  L154      -2971464.253      5010540.696      2588694.477      .004      .005      .003      
  M808      -2969962.008      5012720.693      2586202.208      .002      .003      .002      
 TC029      -2968539.319      5011107.077      2590970.570      .002      .003      .001      
  X107      -2968023.210      5011922.204      2589954.409      .001      .002      .002      
