         1         1    22+950        42        11         1
          
     -8.96     46.66      1.44      48.1     61.68     37.24     92.69     40.67
     -8.59      46.7      4.62     46.71     65.86     37.28     93.47     43.59
     -8.17     45.45     13.09     46.68     69.43     37.23     94.81     43.85
      -7.2     45.38     25.94     41.36     72.06      37.3     94.87     44.63
      -6.4     47.45     29.16      41.3      74.6     37.48     95.07     44.64
     -6.02     47.47     42.61     39.74     77.13     37.57     95.34     43.82
     -4.91     48.03     50.48     38.11     79.74     37.92     103.5      43.8
      -2.1     48.27     51.12     38.04      82.2     38.97    104.69      46.9
         0      48.2     53.06     37.54     84.36     38.85    104.65      47.5
      0.93     48.27     55.97     37.36     86.25     39.94                    
      0.93     48.12     59.08     37.12     88.91     40.26                    
