         1         1    22+650        41        11         1
          
     -9.21     47.59      3.96     47.35     64.95     36.32      88.8     43.72
      -8.8     47.57     10.69     47.29     66.28     35.97     88.91     44.52
     -8.26     46.27     22.43     41.66     68.82     35.72     89.03     44.52
     -7.31     46.29      26.1     41.62     69.71     36.78     89.35      43.7
     -6.41     48.67      34.9     37.66     72.43     37.16     98.74     43.75
     -5.99     48.64     36.73     37.17     74.49     38.12     98.74      43.2
     -2.33     48.75     38.37     36.83     76.49     38.85     99.54      43.2
         0      48.7      43.4     36.76     83.35     39.41     99.54     43.77
      0.69     48.74     48.83     36.62     87.66     39.76                    
       0.7     48.75     52.05     36.86     87.71     40.52                    
      1.04     48.56     59.98     36.62     88.01     40.58                    
