         1         1    22+800        39        10         1
          
     -9.48      47.3       1.1     48.53     51.77     36.68     79.04     38.91
     -9.11     47.27      3.55      47.5     52.67     36.26     81.07     43.18
     -8.68     46.25     10.92     47.42      53.6     36.16      81.2     43.99
     -7.77     46.32     23.28      41.6     60.06      36.3     81.28     43.99
     -7.07     48.58     26.56     41.55     61.47     36.52     81.47     43.29
     -6.63     48.57     30.51     40.26     63.87     36.84     87.87     43.35
     -2.32     48.69     38.02     38.45     65.82     38.27     87.87     42.85
         0     48.72     40.68     38.57     68.07     38.82     88.67     42.85
      0.73      48.7     44.09      38.3     71.89     39.09     88.67     43.38
      0.72     48.57     49.74      37.3     78.53     38.83                    
