         1         1    22+850        37        10         1
          
     -9.33     47.21      1.08     48.48     52.24     36.73     76.23     43.91
     -8.97     47.19      3.44      47.5     55.32     36.66     76.33      43.9
     -8.63     46.21     10.65     47.31     58.37      36.8     76.48     43.24
     -7.54     46.22     23.84      41.2     62.09      37.2     82.76      43.2
     -6.72     48.37     26.63     41.18     62.92     37.54      83.7     43.25
     -6.26     48.35     33.68     38.92      64.1     38.15        84     44.04
     -2.38     48.68     38.76     37.27     67.24     38.76     88.77      46.9
         0     48.69     40.61     37.17     71.44      38.8                    
      0.66     48.68     43.59     37.09     73.89     38.69                    
      0.66     48.55     48.49      36.9     76.08     43.11                    
