         1         1    22+750        37        10         1
          
     -9.21     47.44      3.93     47.45     51.66     36.53     83.58     44.14
     -8.83     47.41     10.54     47.32     55.45     36.53     83.72     44.16
     -8.42     46.39     22.92     41.45     59.54     37.05     83.93      43.4
     -7.54     46.43     33.16     39.38     63.87     37.19     90.27     43.36
     -6.84     48.57     35.93     39.28     65.92     37.93     90.27     42.86
     -6.47     48.58     38.48      38.2     69.05     38.17     91.07     42.86
     -2.37     48.68     40.79      37.8      72.8     38.32     91.07     43.34
         0     48.72     41.98     37.39     75.63     38.87                    
      0.67     48.73     45.67     37.03     80.38     39.05                    
       1.3     48.53     48.29     36.88     83.55     40.12                    
