         1         1    23+550        41        11         1
          
    -35.69     53.65      4.36     46.06     25.15     39.54     56.66     43.29
     -9.95     53.72      8.09     44.15      25.7     39.29     57.64     43.42
      -9.9     53.84     10.13     44.01     29.54     39.11     57.77     43.04
     -9.62     53.82      10.6      43.2     33.88     39.03     60.89      42.8
      -9.6     53.29      11.1     42.86      37.6      38.9     64.21     45.17
      -2.9     49.73     12.21     41.88     41.61     38.35     67.12     47.88
     -2.54     49.68     14.46     41.61     45.68     38.13     70.62     49.61
     -2.04     47.74     16.59     41.05      47.5     37.94      75.3     52.47
         0     47.75     18.65      40.9     53.05     38.32                    
      0.65     47.74     20.17     40.06     53.52     38.64                    
      1.53     47.48     22.52     39.83     55.34      39.7                    
