         1         1    23+700        37        10         1
          
    -40.19     54.06     10.21     43.08     43.76     39.87     58.78     44.54
    -23.99     54.49      10.5     42.11     46.35     40.48     61.89      44.4
    -11.45     54.68     12.34      41.6     49.44      40.3     62.72        44
     -2.67      48.9     13.59     40.94     52.95     40.42     63.82     44.05
     -1.69     48.89     17.56     40.05     53.81     41.14     65.51     44.49
     -1.42     48.91     19.94     39.63     56.05     41.92     65.73     45.55
     -1.42     48.09     24.74     39.69     56.22     42.19     71.01     46.55
         0     48.08     28.82     39.62     56.95      42.3                    
      0.53     48.09     35.42     40.01     57.62     44.86                    
      8.69     43.06     40.29     39.86     58.62     44.97                    
