         1         1    23+650        38        10         1
          
     -10.3     54.97      7.74     44.02     36.73     39.15     56.91     43.88
     -3.78     49.64      8.26     43.11     39.86     38.83     58.01     44.02
     -2.89     49.67      9.76     42.94     41.93     38.77     58.12     43.82
     -2.36     49.66      10.6     42.05     44.45     39.09     62.03     43.76
     -1.63     48.06      14.2     41.58     45.98     39.36     68.32     49.23
         0     47.95     20.11     40.26     49.12     39.54     69.95     49.28
      0.66     47.98     20.98     39.68     52.92     39.87     71.37     49.55
      1.37     47.48     25.86     39.49     54.82     41.49     76.92     54.64
      3.45     45.83     30.91     39.43     55.72     42.56                    
      6.25     44.07     34.14     39.27      56.4     42.64                    
