         1         1    23+600        34         9         1
          
    -26.69     55.53       7.9     43.91     30.68     39.25     56.01      41.1
     -9.01     53.86     10.42     43.71     37.17     39.29     56.94     41.12
     -2.74     49.88      10.7     43.17     40.42      38.9     57.58     43.82
     -2.31     49.84     11.21     42.87     44.68     38.67     61.69     44.19
     -1.64     47.92     11.48     41.84     47.91     39.06     63.49     43.09
         0     47.87     15.69     41.37     51.45     39.36     66.19     44.83
      0.64     47.83      19.2     41.22     52.22      39.9     69.99      48.3
      1.54      47.7      23.9      39.8     53.76     39.73                    
      4.03     46.12     24.24     39.54      55.8     40.56                    
