         1         1    23+900        31         8         1
          
        -2      46.8      1.38     46.42     27.88     40.46     61.85     42.84
      -0.3      46.8      6.68     42.34     31.68     40.82     76.24     50.08
      -0.3     45.65     12.07     43.04     35.71      40.8     79.44      50.2
         0      46.8     15.55     41.74     43.13     40.92     81.77      50.2
      0.55     45.65     16.14     41.15     48.87     41.05     82.68     52.02
      0.55      46.8      16.7     41.06     50.46     41.85     83.37     52.03
      0.59     47.82     19.37      40.7     54.21     42.22     94.65     52.22
      1.23     47.86     24.68     40.52     55.93     42.97                    
