         1         1    23+450        51        13         1
          
     -35.2     47.29     -7.88     46.43     23.79     41.12     77.62     38.82
    -19.41      47.4     -2.82     48.05     28.17      40.8     78.57     39.24
    -12.66     47.39         0     47.88     33.28      40.8     79.51     39.74
     -11.9     48.25      1.38     47.84     36.27     40.52     82.69     40.59
    -11.43     48.18      4.04     46.98     39.28     39.44     82.97     41.51
    -11.43     47.47      7.38     45.94     39.61     39.03      83.7     41.44
    -11.23     47.48     11.13     45.15     42.47     38.86      88.1      42.7
     -11.2     47.63     15.11     44.29     48.45     38.82     90.72     43.02
     -10.9     47.59     16.44     44.21     55.84     38.78     92.44     44.01
    -10.86     47.04     17.01     43.91     60.34     38.88     95.14        44
     -8.78      46.4     17.19     42.98     62.01     39.69     102.8     44.48
     -8.78     45.71     17.83     42.92     65.14     39.49    110.76     44.72
     -7.88     45.73     18.04      41.8     71.16     39.02                    
