         1         1    23+350        41        11         1
          
    -14.97     45.92     27.99     44.88     79.18     38.82    113.06     39.35
     -8.02     46.95     35.11     44.08     83.22     38.33    115.43     39.65
     -8.06     46.36     37.05     43.85     85.17     37.79    117.93      41.8
     -7.25     46.33     39.01     41.52     87.46     37.45    124.52     42.08
     -7.25     46.97      42.2      41.5     90.04     37.18    124.66     49.06
     -2.95     47.98     46.96     41.28     97.44     36.74     124.9     49.02
         0     47.88      53.6     40.95        99     37.45    125.21     48.19
      0.67     47.84     58.53     40.85    103.94     37.39       142     48.01
      5.52     46.12     65.98     40.86    106.79     37.84                    
     12.11     45.61     72.55     40.59     109.2     38.16                    
     19.24     45.21     74.58     40.02    110.88     38.64                    
