         1         1    23+050        43        11         1
          
     -9.86     45.53         0     48.08     45.11     37.63     73.73     37.11
     -9.87     45.67      0.68     48.07     48.03      37.4     74.22      37.2
      -9.5     45.48      0.68     47.72     51.23     37.26     75.82     40.16
     -8.91     44.67      4.91     46.32     55.73     37.33     82.38     41.66
     -8.13     44.79      11.2     46.33      59.1     37.31     85.17     43.64
     -7.36     46.86     22.84     41.39     62.22      37.7     87.36      43.7
     -6.88     46.87     35.01      39.9     63.27      38.2     94.88     43.64
     -5.32     47.54     36.37      40.3     66.13     38.42    102.44     43.93
     -4.67     47.63     40.18     38.63     68.57     38.31    103.81     43.73
     -3.89     47.95     40.91     38.85     70.66     37.57     109.7     43.84
     -2.67     48.08      43.1     37.72     72.63     37.38                    
