         1         1    23+800        37        10         1
          
    -14.71     52.11      8.32     43.13     38.92     40.35     69.77     46.34
      -8.6     51.79     10.67     43.04      49.8     40.66     73.01     46.34
     -6.93     51.58     13.44     42.78     51.56      40.9     73.44     46.07
     -2.67     48.82     16.99     42.15     56.03     40.99     74.14     46.18
     -1.66     48.77     17.34     40.08     58.24     41.12     75.24     46.64
     -1.66     48.96      18.8     39.88     59.42     42.21     76.89     48.43
     -1.39     48.96     20.24     39.65     63.04     43.45     78.95     51.25
     -1.39     48.06     25.01     39.68     67.79     44.74                    
         0     48.03     28.54     40.13     68.52      46.7                    
      0.54     48.02     34.52     40.03     69.56     46.85                    
