         1         1    23+000        34         9         1
          
    -10.06     45.47         0     47.91     50.91     37.63     79.19     38.59
    -10.06     45.58      0.77     47.96     54.27     37.62     81.13     39.86
     -9.44     45.47      0.77     47.78     59.32     37.54      85.7     40.21
     -9.11     44.79      1.32      47.7     64.24     37.56     90.17     42.69
     -8.07     44.84      4.13     46.18     68.51     37.51      92.5      43.4
     -7.45     46.81     11.06     46.22     70.72      37.5     102.9     43.67
     -7.09     46.82     22.71     41.29     71.98     37.89     111.7     43.98
     -5.47     47.79     42.13     39.01     76.02     37.64                    
     -2.53     47.97     46.41     37.73     78.94     37.62                    
