         1         1    23+850        37        10         1
          
     -9.16     50.29      0.92      48.4      37.6     40.65      92.7     49.56
     -8.46     50.32      5.41     44.97      44.7     40.37     93.06      50.4
     -8.42     50.55      7.91     44.66     50.64     39.99     94.14     50.53
      -6.3     50.26     12.39     42.78      54.3     40.36     94.39     49.96
     -6.26     50.02     17.26     41.68     55.85      40.7     98.43     50.06
     -4.71     50.04      17.6     40.91     61.83     40.98      99.4     51.85
     -3.32     49.31     21.45     40.24     66.23     41.81    113.91     52.21
     -2.39     49.26     23.53     40.02      69.8     42.99                    
     -2.08      48.6     25.33     39.89        80     43.36                    
         0     48.52     35.56     40.15     90.73     48.56                    
