         1         1    23+150        43        11         1
          
    -31.03     45.94         0      48.3     40.39      37.8     82.37     47.56
     -9.63     45.86      0.57     48.28     41.91     37.21     82.52     46.83
     -9.29     45.85      0.55     47.84     43.68      36.7     84.99     45.48
     -9.13     45.34      5.02     46.17      51.1     36.74     87.29     45.47
     -8.06     44.95     11.24     46.03     53.37     37.07     87.46     45.43
     -7.41     47.04     22.45     41.46     56.88     37.38     87.52     44.82
     -6.97     47.03     26.39     41.35     60.24     38.31      88.2     44.78
     -5.31     47.87     27.64     40.63     62.01     39.99     88.23     43.63
     -4.47     47.98     30.42     40.24     67.27     41.99     88.81     43.28
     -3.82     48.28     33.01     39.12     74.26      42.1     95.95     43.08
     -2.76     48.28     34.77     38.06     79.43     47.52                    
