         1         1    23+500        45        12         1
          
    -26.34      53.2      8.03     44.41     38.44     38.32     64.28     43.05
    -11.02     53.57     10.18     44.02     42.25      38.4     64.42     42.69
    -10.99     53.61     10.51     43.31     44.11      39.3     67.12      42.7
    -10.71     53.64     11.16     42.97     45.29     39.26     67.84     42.54
    -10.65     53.18     11.36     42.16     50.56     38.87     68.58     42.62
     -3.21     49.48     15.03      41.4     55.02     38.93     71.01     44.45
     -2.85     49.53     20.65     40.83     56.99     38.83     73.79     46.06
     -2.06     47.96      25.8     40.45     57.44     39.23     76.15     47.43
         0     47.77     27.41     39.86     60.31     39.63     80.08     48.44
      0.65     47.76     28.25     39.24     61.61     39.63                    
      1.78     47.34     32.09        39     62.51     40.64                    
      3.21     46.73     36.23     38.59     63.25     43.08                    
