         1         1    23+950        29         8         1
          
     -15.4      47.1      1.61     48.03     43.25     40.65     62.11     42.88
    -13.17      47.1      1.69     46.82     46.38     40.55     74.48     48.99
         0      47.1      7.63     42.83     49.01     40.86     74.49     50.19
       0.2      47.1     14.55     42.95     50.83     41.24     77.03     50.29
       0.2      45.6      18.5     41.43     52.33     42.64     85.63     50.23
       0.9      45.6     27.01     40.95     54.19     43.14                    
       0.9        47     34.64     40.78      55.3      43.2                    
         1     48.06     39.36     40.53     61.07     43.23                    
