         1         1    23+400        51        13         1
          
    -12.14     46.12      28.8     43.69     74.51     38.37    101.47     39.37
     -6.88     46.67     30.75     41.46     78.37      38.2    102.26     38.54
     -6.89     46.01     37.32     41.38     81.51      38.4    103.11     38.24
     -6.09     46.01     41.51     41.38     85.44     38.29    111.56     38.19
     -6.09     46.66     48.26     41.16     87.42      38.4    113.21     38.56
      -2.1     47.94     52.81     41.13     88.58     38.63    115.45      40.1
         0     47.89     58.04     40.74     89.78     39.01    118.69     40.05
      1.55     47.86     60.67     40.66      91.2     39.42    119.09     41.34
      4.13     46.78     60.99     40.27      92.8     39.46     119.6     41.47
      7.63      45.8     61.98     39.44      93.7     39.11    126.23     42.45
     18.56     44.86     65.34     38.92     95.89     39.22    129.67     43.46
     24.48     44.32     69.74     38.86    100.16     39.17    130.63     48.35
     27.43      43.9     70.56     38.57    100.99     39.38                    
