         1         1    23+100        50        13         1
          
     -9.32     45.76      5.13     46.61     49.47     36.88     84.41     44.04
     -8.95     45.72      8.78     46.53     54.36     37.25     88.04     44.25
     -8.73     45.14     11.91      46.5     58.75     37.48     96.65     44.41
     -7.79     45.07     17.58     43.85     65.19      37.7     98.35     43.67
     -7.13     47.07     22.08     41.93     66.88     37.88     98.36     44.36
      -6.7     47.07     27.56     41.43     68.46     38.94     98.61      44.3
     -5.07     47.84     30.01     40.44     70.96     40.34     98.87      43.6
     -4.19     47.96     32.82     40.36     74.98     40.62    103.78     43.59
     -3.58     48.27      36.5     38.66     78.78     40.39    103.81     44.24
      -2.5     48.25     38.42      37.8     80.95     43.72     104.6     44.22
         0     48.24     42.64     37.53     83.81     43.99    109.29     45.93
      0.85     48.26     45.63     37.18     84.03     46.15                    
      0.88      47.9     47.19      37.1     84.41     46.14                    
