         1         1    24+350        39        10         1
          
    -12.73     52.64     23.59     43.36     44.76      41.7     76.14     45.18
         0     52.65     23.69     42.68     49.76     41.65     77.66     45.36
      0.37     52.69     27.13     42.49     54.73     41.49     82.83     49.03
      1.71     52.57     28.56     42.27     56.06     41.57     82.84     49.75
      1.67     49.92     29.25     42.14      58.1     41.83     84.98     49.79
     10.19     49.37     29.48     42.61     60.08     42.12     84.98     52.38
     11.65     46.14        32     42.44     61.81     42.56     85.19     52.38
     17.75      46.1     32.38     42.09     62.04     43.59     85.24     52.27
     17.99     44.57     37.49     42.08     63.16     44.05     88.11     52.27
     21.97     43.91     39.87     41.77     68.27     44.53                    
