         1         1    24+250        36         9         1
          
        -2     48.47      1.44     48.14     42.45     41.03     60.84     44.35
     -1.52     48.47      6.53     43.96     43.52     41.37     63.48     44.33
     -0.05     48.47     19.37     43.96     47.33     41.25     64.31     44.01
     -0.05     47.32     25.12     42.35     48.84     41.69      65.5     44.14
         0     48.45     25.68     41.83     52.44     41.84     77.92     50.27
      0.67     47.32     27.32     41.67     54.55     42.12     77.92     51.76
      0.67     48.46     31.29     41.15     55.75     42.74     83.09     51.87
      0.71     49.43     34.45     41.01      56.9     43.79     83.14     51.72
      1.31     49.38     38.81     40.84      57.7     44.41     83.81      51.9
