         1         1    24+150        33         9         1
          
     -2.35     47.53     18.09     40.94     35.59     40.91     57.56     43.87
         0     47.48     18.95     40.16     36.81     41.29     58.22     43.65
      0.47     47.44     19.99     39.37     41.06     41.29     59.17     43.76
      0.54     48.48     23.09     38.97     44.09     41.16     72.23     50.14
      1.17     48.46     24.39     39.37     45.56     41.42     72.23     51.11
      1.29     47.34      26.2     39.39     47.61     41.62     75.62     50.96
      7.32     43.33     27.49     39.03     48.38     42.98                    
     14.28     43.91     30.52     38.96     50.94     43.26                    
     16.15     42.14        32     38.47     53.47     43.81                    
