         1         1    24+300        34         9         1
          
        -4     49.26     17.79     44.29     49.74     41.63     66.18     44.11
     -1.92     49.26     24.91      42.1     56.09     41.93     79.52     50.43
         0     49.26     25.93     41.99     57.06     42.16     79.52     51.82
      0.41     49.25     26.18     41.92     57.26      43.3     82.87     51.88
      0.49      50.2     28.63     41.87     59.39     43.78     82.92     51.74
      1.13     50.17     32.76     41.82      59.9     44.14     85.41     51.78
      1.27     48.81     34.43     41.53     61.44     44.35     95.57     52.64
      4.03     45.18     36.45     41.55     64.19     44.42                    
      7.74     44.82     42.83      41.4     65.53     44.07                    
