         1         1    24+200        39        10         1
          
     -4.75     47.22      6.16     43.82     33.16     41.65     58.73     44.27
     -1.81     47.22     12.55     43.89     38.78     41.41     59.28     44.03
         0     47.12     13.27     44.13     41.39     41.05     60.33        44
      0.35     47.12     15.39     44.21     43.11     41.01        61     44.14
      0.35     46.03     17.86     42.38     45.32     41.54     73.11     50.12
      1.06     46.03     18.96     41.71     49.48     41.95     73.11     51.77
      1.06     47.17     20.19     41.41     51.37     42.49     77.76     51.94
      1.18     48.84     23.29      41.4     51.86     43.69     77.79      51.8
       1.8     48.78     27.08     41.56     52.68     43.65     79.43     51.86
       1.9     47.52     29.01      41.6     54.38     44.05                    
