         1         1    24+100        34         9         1
          
      -1.9     47.56       1.8      47.2     35.04     41.05      58.2     43.32
      -1.6     47.56      7.56     43.36     38.84     40.82      59.1      43.4
         0     47.46     13.89     43.53     40.57      41.1     59.15     43.65
       0.3     47.46     18.76     42.63     43.93      41.4     71.94     49.39
       0.3     45.59     19.22     41.76     50.06     41.75     71.94     50.54
      1.02     45.59     19.89     41.58     50.53     42.08     74.46     50.56
      1.02     47.46     22.61     41.18     51.22     42.46      80.3     50.34
       1.1      48.4     26.42     41.13     53.28     43.49                    
      1.72     48.37     33.46     41.32     57.87     43.56                    
