         1         1    24+000        31         8         1
          
      -3.5     47.15      1.48     48.13     29.78     41.02     54.75     43.42
     -1.23     47.15      1.59     46.92     37.11      41.1     60.39      43.4
         0     47.13      7.45     43.08     42.65     40.94      61.3     43.24
      0.06     47.13     15.43     43.36     45.21      40.6     73.19      49.2
      0.06      45.6     17.98     42.02     47.72     40.56      73.2      50.4
       0.8      45.6     18.43     41.61      49.2     40.82     75.73     50.51
       0.8     47.12     19.74     41.25     50.11     42.03     80.36     50.54
      0.87     48.18     26.16     41.19      52.8     42.97                    
