       123       123    23+550        41        10     12131
          
    -35.69     53.65      1.53     47.48     20.17     40.06     53.05     38.32      75.3     52.47
     -9.95     53.72      4.36     46.06     22.52     39.83     53.52     38.64                    
      -9.9     53.84      8.09     44.15     25.15     39.54     55.34      39.7                    
     -9.62     53.82     10.13     44.01      25.7     39.29     56.66     43.29                    
      -9.6     53.29      10.6      43.2     29.54     39.11     57.64     43.42                    
      -2.9     49.73      11.1     42.86     33.88     39.03     57.77     43.04                    
     -2.54     49.68     12.21     41.88      37.6      38.9     60.89      42.8                    
     -2.04     47.74     14.46     41.61     41.61     38.35     64.21     45.17                    
         0     47.75     16.59     41.05     45.68     38.13     67.12     47.88                    
      0.65     47.74     18.65      40.9      47.5     37.94     70.62     49.61                    
