       123       123    23+500        45        11     12131
          
    -26.34      53.2      3.21     46.73     32.09        39     61.61     39.63     80.08     48.44
    -11.02     53.57      8.03     44.41     36.23     38.59     62.51     40.64                    
    -10.99     53.61     10.18     44.02     38.44     38.32     63.25     43.08                    
    -10.71     53.64     10.51     43.31     42.25      38.4     64.28     43.05                    
    -10.65     53.18     11.16     42.97     44.11      39.3     64.42     42.69                    
     -3.21     49.48     11.36     42.16     45.29     39.26     67.12      42.7                    
     -2.85     49.53     15.03      41.4     50.56     38.87     67.84     42.54                    
     -2.06     47.96     20.65     40.83     55.02     38.93     68.58     42.62                    
         0     47.77      25.8     40.45     56.99     38.83     71.01     44.45                    
      0.65     47.76     27.41     39.86     57.44     39.23     73.79     46.06                    
      1.78     47.34     28.25     39.24     60.31     39.63     76.15     47.43                    
