       123       123    22+800        39         9     12131
          
     -9.48      47.3      0.72     48.57     44.09      38.3     68.07     38.82     87.87     42.85
     -9.11     47.27       1.1     48.53     49.74      37.3     71.89     39.09     88.67     42.85
     -8.68     46.25      3.55      47.5     51.77     36.68     78.53     38.83     88.67     43.38
     -7.77     46.32     10.92     47.42     52.67     36.26     79.04     38.91                    
     -7.07     48.58     23.28      41.6      53.6     36.16     81.07     43.18                    
     -6.63     48.57     26.56     41.55     60.06      36.3      81.2     43.99                    
     -2.32     48.69     30.51     40.26     61.47     36.52     81.28     43.99                    
         0     48.72     38.02     38.45     63.87     36.84     81.47     43.29                    
      0.73      48.7     40.68     38.57     65.82     38.27     87.87     43.35                    
