       123       123    23+400        51        12     12131
          
    -12.14     46.12     27.43      43.9     69.74     38.86     95.89     39.22    126.23     42.45
     -6.88     46.67      28.8     43.69     70.56     38.57    100.16     39.17    129.67     43.46
     -6.89     46.01     30.75     41.46     74.51     38.37    100.99     39.38    130.63     48.35
     -6.09     46.01     37.32     41.38     78.37      38.2    101.47     39.37                    
     -6.09     46.66     41.51     41.38     81.51      38.4    102.26     38.54                    
      -2.1     47.94     48.26     41.16     85.44     38.29    103.11     38.24                    
         0     47.89     52.81     41.13     87.42      38.4    111.56     38.19                    
      1.55     47.86     58.04     40.74     88.58     38.63    113.21     38.56                    
      4.13     46.78     60.67     40.66     89.78     39.01    115.45      40.1                    
      7.63      45.8     60.99     40.27      91.2     39.42    118.69     40.05                    
     18.56     44.86     61.98     39.44      92.8     39.46    119.09     41.34                    
     24.48     44.32     65.34     38.92      93.7     39.11     119.6     41.47                    
