       123       123    22+950        42        10     12131
          
     -8.96     46.66      0.93     48.12     55.97     37.36     84.36     38.85    104.69      46.9
     -8.59      46.7      1.44      48.1     59.08     37.12     86.25     39.94    104.65      47.5
     -8.17     45.45      4.62     46.71     61.68     37.24     88.91     40.26                    
      -7.2     45.38     13.09     46.68     65.86     37.28     92.69     40.67                    
      -6.4     47.45     25.94     41.36     69.43     37.23     93.47     43.59                    
     -6.02     47.47     29.16      41.3     72.06      37.3     94.81     43.85                    
     -4.91     48.03     42.61     39.74      74.6     37.48     94.87     44.63                    
      -2.1     48.27     50.48     38.11     77.13     37.57     95.07     44.64                    
         0      48.2     51.12     38.04     79.74     37.92     95.34     43.82                    
      0.93     48.27     53.06     37.54      82.2     38.97     103.5      43.8                    
