       123       123    23+050        43        10     12131
          
     -9.86     45.53     -2.67     48.08     40.91     38.85     68.57     38.31    102.44     43.93
     -9.87     45.67         0     48.08      43.1     37.72     70.66     37.57    103.81     43.73
      -9.5     45.48      0.68     48.07     45.11     37.63     72.63     37.38     109.7     43.84
     -8.91     44.67      0.68     47.72     48.03      37.4     73.73     37.11                    
     -8.13     44.79      4.91     46.32     51.23     37.26     74.22      37.2                    
     -7.36     46.86      11.2     46.33     55.73     37.33     75.82     40.16                    
     -6.88     46.87     22.84     41.39      59.1     37.31     82.38     41.66                    
     -5.32     47.54     35.01      39.9     62.22      37.7     85.17     43.64                    
     -4.67     47.63     36.37      40.3     63.27      38.2     87.36      43.7                    
     -3.89     47.95     40.18     38.63     66.13     38.42     94.88     43.64                    
