       123       123    23+300        48        12     12131
          
    -14.51     47.86     27.31      44.5     67.69     38.89    100.38     44.32
    -10.22     48.25     31.42     43.74     70.55     38.47    101.57     44.48
     -8.23     46.64     33.13     43.64     76.88     37.84    101.79     44.49
      -8.2     46.02     34.96     41.54     79.41      37.2    102.48     44.65
     -7.45      46.1     36.03     41.66      80.5     36.47    102.61      50.4
     -7.48     46.69      37.8     42.26     91.04      36.8    102.83     50.43
     -2.96     48.09     41.36     42.05     91.38     38.03     103.1     49.61
         0     47.93     44.42     41.88     91.85     37.97    114.87     49.67
      0.71      47.9     53.26     40.29     91.99     38.47    114.99     51.05
      5.66     46.13     59.08     40.11     93.18     38.48    115.21     51.06
     13.91     45.39      63.1     39.94     93.96     41.74    115.44     50.21
     22.36     44.77     66.52     39.27      95.8     43.25    122.24     50.01
