       123       123    23+700        37         9     12131
          
    -40.19     54.06      8.69     43.06     35.42     40.01     56.95      42.3     71.01     46.55
    -23.99     54.49     10.21     43.08     40.29     39.86     57.62     44.86                    
    -11.45     54.68      10.5     42.11     43.76     39.87     58.62     44.97                    
     -2.67      48.9     12.34      41.6     46.35     40.48     58.78     44.54                    
     -1.69     48.89     13.59     40.94     49.44      40.3     61.89      44.4                    
     -1.42     48.91     17.56     40.05     52.95     40.42     62.72        44                    
     -1.42     48.09     19.94     39.63     53.81     41.14     63.82     44.05                    
         0     48.08     24.74     39.69     56.05     41.92     65.51     44.49                    
      0.53     48.09     28.82     39.62     56.22     42.19     65.73     45.55                    
