       123       123    23+000        34         8     12131
          
    -10.06     45.47     -2.53     47.97     42.13     39.01     71.98     37.89     102.9     43.67
    -10.06     45.58         0     47.91     46.41     37.73     76.02     37.64     111.7     43.98
     -9.44     45.47      0.77     47.96     50.91     37.63     78.94     37.62                    
     -9.11     44.79      0.77     47.78     54.27     37.62     79.19     38.59                    
     -8.07     44.84      1.32      47.7     59.32     37.54     81.13     39.86                    
     -7.45     46.81      4.13     46.18     64.24     37.56      85.7     40.21                    
     -7.09     46.82     11.06     46.22     68.51     37.51     90.17     42.69                    
     -5.47     47.79     22.71     41.29     70.72      37.5      92.5      43.4                    
