       123       123    23+750        32         8     12131
          
    -26.47      52.9      8.08     43.18     40.77     39.98     56.38     42.56
     -9.61     53.48     14.24     41.21     46.39     40.13     57.32     45.16
     -2.62     48.83     17.67     40.31     50.83      40.6     58.27     45.21
      -1.7     48.91     24.64     40.01     50.88     41.75     58.44     44.78
     -1.43     48.91     25.62     39.54      53.2     42.14     61.67     44.64
     -1.43     48.09     29.06     39.18      53.6     41.32     63.04     44.24
         0      48.1     34.74     39.12     55.38     41.89     64.96      44.2
      0.54     48.06     36.83     39.65      55.6     42.38     67.75     47.06
