       123       123    23+850        37         9     12131
          
     -9.16     50.29         0     48.52     25.33     39.89      69.8     42.99    113.91     52.21
     -8.46     50.32      0.92      48.4     35.56     40.15        80     43.36                    
     -8.42     50.55      5.41     44.97      37.6     40.65     90.73     48.56                    
      -6.3     50.26      7.91     44.66      44.7     40.37      92.7     49.56                    
     -6.26     50.02     12.39     42.78     50.64     39.99     93.06      50.4                    
     -4.71     50.04     17.26     41.68      54.3     40.36     94.14     50.53                    
     -3.32     49.31      17.6     40.91     55.85      40.7     94.39     49.96                    
     -2.39     49.26     21.45     40.24     61.83     40.98     98.43     50.06                    
     -2.08      48.6     23.53     40.02     66.23     41.81      99.4     51.85                    
