       123       123    24+050        32         8     12131
          
     -5.15      47.5      1.61     48.21     33.42     41.02      53.8     43.35
     -1.34      47.5      1.69      47.1     37.72     40.79     58.87     43.46
         0     47.34      7.32     43.43     41.21      40.5     59.46     43.17
      0.17     47.34     16.51     43.41     44.07     40.66     60.21     43.34
      0.17     45.62     18.71     42.88     48.59     40.98     72.08     49.31
      0.95     45.62     20.17     41.47     51.11     41.53     72.08     50.53
      0.95     47.29     21.31     41.15     52.03     41.75      74.6     50.61
      0.95     48.28     27.16     41.11     52.74     43.05     79.61      50.6
