       123       123    22+900        36         9     12131
          
     -9.39     46.87      0.68     48.64      51.6     37.37     74.76     38.15
     -8.98     46.88      0.68     48.51     53.74     37.23     76.09     38.95
     -8.71     45.89      1.23      48.4     57.71     36.97     79.93     39.35
     -7.66     45.92      4.09     47.06     60.33     36.61     85.17     39.11
     -6.88     47.84     11.63     46.93     63.12     36.47     87.28     43.28
     -6.42     47.83     23.89     41.27     66.76     36.45     87.41      44.1
     -5.66     48.36     33.34     39.78     68.93     36.72      87.5      44.1
     -2.36     48.61     47.51     38.15     72.31     37.21     87.63     43.43
         0     48.62     49.71     37.36        73     37.44     94.54     43.35
