       123       123    24+150        33         8     12131
          
     -2.35     47.53     16.15     42.14     30.52     38.96     48.38     42.98     75.62     50.96
         0     47.48     18.09     40.94        32     38.47     50.94     43.26                    
      0.47     47.44     18.95     40.16     35.59     40.91     53.47     43.81                    
      0.54     48.48     19.99     39.37     36.81     41.29     57.56     43.87                    
      1.17     48.46     23.09     38.97     41.06     41.29     58.22     43.65                    
      1.29     47.34     24.39     39.37     44.09     41.16     59.17     43.76                    
      7.32     43.33      26.2     39.39     45.56     41.42     72.23     50.14                    
     14.28     43.91     27.49     39.03     47.61     41.62     72.23     51.11                    
