       123       123    23+800        37         9     12131
          
    -14.71     52.11      0.54     48.02     28.54     40.13     67.79     44.74     78.95     51.25
      -8.6     51.79      8.32     43.13     34.52     40.03     68.52      46.7                    
     -6.93     51.58     10.67     43.04     38.92     40.35     69.56     46.85                    
     -2.67     48.82     13.44     42.78      49.8     40.66     69.77     46.34                    
     -1.66     48.77     16.99     42.15     51.56      40.9     73.01     46.34                    
     -1.66     48.96     17.34     40.08     56.03     40.99     73.44     46.07                    
     -1.39     48.96      18.8     39.88     58.24     41.12     74.14     46.18                    
     -1.39     48.06     20.24     39.65     59.42     42.21     75.24     46.64                    
         0     48.03     25.01     39.68     63.04     43.45     76.89     48.43                    
