       123       123    23+600        34         8     12131
          
    -26.69     55.53      4.03     46.12      23.9      39.8     52.22      39.9     66.19     44.83
     -9.01     53.86       7.9     43.91     24.24     39.54     53.76     39.73     69.99      48.3
     -2.74     49.88     10.42     43.71     30.68     39.25      55.8     40.56                    
     -2.31     49.84      10.7     43.17     37.17     39.29     56.01      41.1                    
     -1.64     47.92     11.21     42.87     40.42      38.9     56.94     41.12                    
         0     47.87     11.48     41.84     44.68     38.67     57.58     43.82                    
      0.64     47.83     15.69     41.37     47.91     39.06     61.69     44.19                    
      1.54      47.7      19.2     41.22     51.45     39.36     63.49     43.09                    
