       123       123    23+200        36         9     12131
          
     -2.67     47.58     31.57     39.49     57.92     37.62     78.12     49.12
         0     47.66     34.74     38.34     58.34     38.28     83.93     47.48
      0.72     47.64      36.9     38.45     59.37     39.25     88.08     49.05
      4.56     47.37     37.73     37.94     60.79     39.29     88.11     49.28
     11.04     43.74     40.37     37.72     64.24     41.59     88.25     49.29
     14.22      42.5     43.72     37.44     65.72     41.71     88.36     47.45
     22.15     42.33     49.46     37.29     67.75     42.51     94.18     47.53
     27.44     40.07     53.32     37.52     70.79     43.72     94.27     47.91
     28.97     39.33     56.37      37.4     73.53     48.46    104.26     47.91
