      2021         2    24+350        39         9         5
          
    -12.73     52.64     21.97     43.91     37.49     42.08     62.04     43.59     85.19     52.38
         0     52.65     23.59     43.36     39.87     41.77     63.16     44.05     85.24     52.27
      0.37     52.69     23.69     42.68     44.76      41.7     68.27     44.53     88.11     52.27
      1.71     52.57     27.13     42.49     49.76     41.65     76.14     45.18                    
      1.67     49.92     28.56     42.27     54.73     41.49     77.66     45.36                    
     10.19     49.37     29.25     42.14     56.06     41.57     82.83     49.03                    
     11.65     46.14     29.48     42.61      58.1     41.83     82.84     49.75                    
     17.75      46.1        32     42.44     60.08     42.12     84.98     49.79                    
     17.99     44.57     32.38     42.09     61.81     42.56     84.98     52.38                    
