      2021         2    22+650        41        10         5
          
     -9.21     47.59      1.04     48.56     52.05     36.86     87.66     39.76     99.54     43.77
      -8.8     47.57      3.96     47.35     59.98     36.62     87.71     40.52                    
     -8.26     46.27     10.69     47.29     64.95     36.32     88.01     40.58                    
     -7.31     46.29     22.43     41.66     66.28     35.97      88.8     43.72                    
     -6.41     48.67      26.1     41.62     68.82     35.72     88.91     44.52                    
     -5.99     48.64      34.9     37.66     69.71     36.78     89.03     44.52                    
     -2.33     48.75     36.73     37.17     72.43     37.16     89.35      43.7                    
         0      48.7     38.37     36.83     74.49     38.12     98.74     43.75                    
      0.69     48.74      43.4     36.76     76.49     38.85     98.74      43.2                    
       0.7     48.75     48.83     36.62     83.35     39.41     99.54      43.2                    
