      2021         2    23+100        50        12         5
          
     -9.32     45.76      0.88      47.9     45.63     37.18     83.81     43.99     104.6     44.22
     -8.95     45.72      5.13     46.61     47.19      37.1     84.03     46.15    109.29     45.93
     -8.73     45.14      8.78     46.53     49.47     36.88     84.41     46.14                    
     -7.79     45.07     11.91      46.5     54.36     37.25     84.41     44.04                    
     -7.13     47.07     17.58     43.85     58.75     37.48     88.04     44.25                    
      -6.7     47.07     22.08     41.93     65.19      37.7     96.65     44.41                    
     -5.07     47.84     27.56     41.43     66.88     37.88     98.35     43.67                    
     -4.19     47.96     30.01     40.44     68.46     38.94     98.36     44.36                    
     -3.58     48.27     32.82     40.36     70.96     40.34     98.61      44.3                    
      -2.5     48.25      36.5     38.66     74.98     40.62     98.87      43.6                    
         0     48.24     38.42      37.8     78.78     40.39    103.78     43.59                    
      0.85     48.26     42.64     37.53     80.95     43.72    103.81     44.24                    
