      2021         2    22+750        37         9         5
          
     -9.21     47.44       1.3     48.53     45.67     37.03     75.63     38.87     91.07     43.34
     -8.83     47.41      3.93     47.45     48.29     36.88     80.38     39.05                    
     -8.42     46.39     10.54     47.32     51.66     36.53     83.55     40.12                    
     -7.54     46.43     22.92     41.45     55.45     36.53     83.58     44.14                    
     -6.84     48.57     33.16     39.38     59.54     37.05     83.72     44.16                    
     -6.47     48.58     35.93     39.28     63.87     37.19     83.93      43.4                    
     -2.37     48.68     38.48      38.2     65.92     37.93     90.27     43.36                    
         0     48.72     40.79      37.8     69.05     38.17     90.27     42.86                    
      0.67     48.73     41.98     37.39      72.8     38.32     91.07     42.86                    
