      2021         2    23+450        51        12         5
          
     -35.2     47.29     -7.88     45.73     17.83     42.92     62.01     39.69     95.14        44
    -19.41      47.4     -7.88     46.43     18.04      41.8     65.14     39.49     102.8     44.48
    -12.66     47.39     -2.82     48.05     23.79     41.12     71.16     39.02    110.76     44.72
     -11.9     48.25         0     47.88     28.17      40.8     77.62     38.82                    
    -11.43     48.18      1.38     47.84     33.28      40.8     78.57     39.24                    
    -11.43     47.47      4.04     46.98     36.27     40.52     79.51     39.74                    
    -11.23     47.48      7.38     45.94     39.28     39.44     82.69     40.59                    
     -11.2     47.63     11.13     45.15     39.61     39.03     82.97     41.51                    
     -10.9     47.59     15.11     44.29     42.47     38.86      83.7     41.44                    
    -10.86     47.04     16.44     44.21     48.45     38.82      88.1      42.7                    
     -8.78      46.4     17.01     43.91     55.84     38.78     90.72     43.02                    
     -8.78     45.71     17.19     42.98     60.34     38.88     92.44     44.01                    
