      2021         2    23+350        41        10         5
          
    -14.97     45.92     19.24     45.21     72.55     40.59    106.79     37.84       142     48.01
     -8.02     46.95     27.99     44.88     74.58     40.02     109.2     38.16                    
     -8.06     46.36     35.11     44.08     79.18     38.82    110.88     38.64                    
     -7.25     46.33     37.05     43.85     83.22     38.33    113.06     39.35                    
     -7.25     46.97     39.01     41.52     85.17     37.79    115.43     39.65                    
     -2.95     47.98      42.2      41.5     87.46     37.45    117.93      41.8                    
         0     47.88     46.96     41.28     90.04     37.18    124.52     42.08                    
      0.67     47.84      53.6     40.95     97.44     36.74    124.66     49.06                    
      5.52     46.12     58.53     40.85        99     37.45     124.9     49.02                    
     12.11     45.61     65.98     40.86    103.94     37.39    125.21     48.19                    
