      2021         2    22+850        37         9         5
          
     -9.33     47.21      0.66     48.55     43.59     37.09     71.44      38.8     88.77      46.9
     -8.97     47.19      1.08     48.48     48.49      36.9     73.89     38.69                    
     -8.63     46.21      3.44      47.5     52.24     36.73     76.08     43.11                    
     -7.54     46.22     10.65     47.31     55.32     36.66     76.23     43.91                    
     -6.72     48.37     23.84      41.2     58.37      36.8     76.33      43.9                    
     -6.26     48.35     26.63     41.18     62.09      37.2     76.48     43.24                    
     -2.38     48.68     33.68     38.92     62.92     37.54     82.76      43.2                    
         0     48.69     38.76     37.27      64.1     38.15      83.7     43.25                    
      0.66     48.68     40.61     37.17     67.24     38.76        84     44.04                    
