      2021         2    23+150        43        10         5
          
    -31.03     45.94     -2.76     48.28     33.01     39.12     67.27     41.99     88.23     43.63
     -9.63     45.86         0      48.3     34.77     38.06     74.26      42.1     88.81     43.28
     -9.29     45.85      0.57     48.28     40.39      37.8     79.43     47.52     95.95     43.08
     -9.13     45.34      0.55     47.84     41.91     37.21     82.37     47.56                    
     -8.06     44.95      5.02     46.17     43.68      36.7     82.52     46.83                    
     -7.41     47.04     11.24     46.03      51.1     36.74     84.99     45.48                    
     -6.97     47.03     22.45     41.46     53.37     37.07     87.29     45.47                    
     -5.31     47.87     26.39     41.35     56.88     37.38     87.46     45.43                    
     -4.47     47.98     27.64     40.63     60.24     38.31     87.52     44.82                    
     -3.82     48.28     30.42     40.24     62.01     39.99      88.2     44.78                    
