      2021         2    24+300        34         8         5
          
        -4     49.26      7.74     44.82     36.45     41.55     61.44     44.35     85.41     51.78
     -1.92     49.26     17.79     44.29     42.83      41.4     64.19     44.42     95.57     52.64
         0     49.26     24.91      42.1     49.74     41.63     65.53     44.07                    
      0.41     49.25     25.93     41.99     56.09     41.93     66.18     44.11                    
      0.49      50.2     26.18     41.92     57.06     42.16     79.52     50.43                    
      1.13     50.17     28.63     41.87     57.26      43.3     79.52     51.82                    
      1.27     48.81     32.76     41.82     59.39     43.78     82.87     51.88                    
      4.03     45.18     34.43     41.53      59.9     44.14     82.92     51.74                    
