      2021         2    23+250        64        16         5
          
    -45.62     46.42     26.48     43.35     73.05     38.51    102.37     51.91
    -31.22     46.36     28.57     41.15     75.56     39.04     102.6     51.91
    -29.31     47.63      32.8     41.09     77.98     40.25    102.89     51.02
    -19.42     48.33     38.42      40.3     79.71     41.26    110.79      51.3
    -11.35     46.88     43.29     39.92     81.69      41.6    111.06     52.08
     -9.16     46.44     47.57      39.6     84.44     43.59    111.29     52.13
     -9.16     45.76     50.39     39.26     87.33     45.44     111.3     48.07
     -8.33     45.72     50.66     39.23     89.45      45.7    119.13     47.48
     -8.33     46.43     54.34     38.07     92.54     47.44    119.15     46.76
     -3.05        48     57.73     37.81     96.25        49    119.66     46.85
         0     47.92     60.26     37.47     96.33     50.44    119.72     47.59
      0.82     47.88     62.17     37.15     96.55     50.45    119.95     47.61
      6.22     46.15     62.87     36.74     96.83     49.68    120.01     47.28
     12.89     45.18     71.06     37.09    102.16     49.73    124.49     47.12
     19.52     44.52     71.28     37.77    102.25     50.06    125.08     47.09
     24.74     43.49     72.87     37.61    102.34     50.07     125.1        49
