      2021         2    22+700        44        11         5
          
     -9.42     47.36      4.29     47.32     50.68     37.25     86.57     39.47
     -9.01     47.34     10.82     47.24     51.47     37.38     86.62     39.89
     -8.52     46.19     22.18     41.78     53.17     37.43     87.51     39.81
     -7.54      46.1      25.6     41.69     54.63     36.96     88.34     43.34
     -6.57     48.61     31.45     38.78     59.34     36.67     88.41     44.15
     -6.22     48.62     34.06      37.7     64.21     36.75     88.57     44.17
     -2.33     48.77     36.07     37.15     65.21     37.17     88.82     43.38
         0     48.74     39.27     37.01     70.86     37.34     96.35      43.6
      0.69     48.76     42.84     36.71     75.14     38.54     96.35      43.1
      0.69     48.65     46.94     36.71     76.97     39.17     97.15      43.1
       1.3     48.57     49.18     36.98      81.4     39.24     97.15     43.59
