      2021         2    24+200        39         9         5
          
     -4.75     47.22       1.9     47.52     27.08     41.56     51.86     43.69     77.76     51.94
     -1.81     47.22      6.16     43.82     29.01      41.6     52.68     43.65     77.79      51.8
         0     47.12     12.55     43.89     33.16     41.65     54.38     44.05     79.43     51.86
      0.35     47.12     13.27     44.13     38.78     41.41     58.73     44.27                    
      0.35     46.03     15.39     44.21     41.39     41.05     59.28     44.03                    
      1.06     46.03     17.86     42.38     43.11     41.01     60.33        44                    
      1.06     47.17     18.96     41.71     45.32     41.54        61     44.14                    
      1.18     48.84     20.19     41.41     49.48     41.95     73.11     50.12                    
       1.8     48.78     23.29      41.4     51.37     42.49     73.11     51.77                    
