      2021         2    23+650        38         9         5
          
     -10.3     54.97      6.25     44.07     30.91     39.43     54.82     41.49     71.37     49.55
     -3.78     49.64      7.74     44.02     34.14     39.27     55.72     42.56     76.92     54.64
     -2.89     49.67      8.26     43.11     36.73     39.15      56.4     42.64                    
     -2.36     49.66      9.76     42.94     39.86     38.83     56.91     43.88                    
     -1.63     48.06      10.6     42.05     41.93     38.77     58.01     44.02                    
         0     47.95      14.2     41.58     44.45     39.09     58.12     43.82                    
      0.66     47.98     20.11     40.26     45.98     39.36     62.03     43.76                    
      1.37     47.48     20.98     39.68     49.12     39.54     68.32     49.23                    
      3.45     45.83     25.86     39.49     52.92     39.87     69.95     49.28                    
