      2021         2    24+100        34         8         5
          
      -1.9     47.56      1.72     48.37     26.42     41.13     51.22     42.46     74.46     50.56
      -1.6     47.56       1.8      47.2     33.46     41.32     53.28     43.49      80.3     50.34
         0     47.46      7.56     43.36     35.04     41.05     57.87     43.56                    
       0.3     47.46     13.89     43.53     38.84     40.82      58.2     43.32                    
       0.3     45.59     18.76     42.63     40.57      41.1      59.1      43.4                    
      1.02     45.59     19.22     41.76     43.93      41.4     59.15     43.65                    
      1.02     47.46     19.89     41.58     50.06     41.75     71.94     49.39                    
       1.1      48.4     22.61     41.18     50.53     42.08     71.94     50.54                    
